{
 "cells": [
  {
   "cell_type": "markdown",
   "metadata": {},
   "source": [
    "# ALPHA VANTAGE USA SECTORS"
   ]
  },
  {
   "cell_type": "code",
   "execution_count": 1,
   "metadata": {},
   "outputs": [],
   "source": [
    "from alpha_vantage.sectorperformance import SectorPerformances\n",
    "import matplotlib.pyplot as plt"
   ]
  },
  {
   "cell_type": "code",
   "execution_count": 2,
   "metadata": {},
   "outputs": [],
   "source": [
    "sp = SectorPerformances(key='1VI1L6694V2Q3CFA', output_format='pandas')\n",
    "\n",
    "df, md = sp.get_sector()"
   ]
  },
  {
   "cell_type": "code",
   "execution_count": 3,
   "metadata": {},
   "outputs": [],
   "source": [
    "df.columns = ['Real-Time', '1 Day', '5 Day', '1 Month', '3 Month',\n",
    "             'YTD', '1 Year', '3 Year', '5 Year', '10 Year']"
   ]
  },
  {
   "cell_type": "code",
   "execution_count": 4,
   "metadata": {},
   "outputs": [],
   "source": [
    "df.drop(labels='Real-Time', axis=1, inplace=True)"
   ]
  },
  {
   "cell_type": "code",
   "execution_count": 5,
   "metadata": {},
   "outputs": [],
   "source": [
    "df['STD'] = df.std(axis=1)"
   ]
  },
  {
   "cell_type": "code",
   "execution_count": 6,
   "metadata": {},
   "outputs": [
    {
     "data": {
      "text/html": [
       "<div>\n",
       "<style scoped>\n",
       "    .dataframe tbody tr th:only-of-type {\n",
       "        vertical-align: middle;\n",
       "    }\n",
       "\n",
       "    .dataframe tbody tr th {\n",
       "        vertical-align: top;\n",
       "    }\n",
       "\n",
       "    .dataframe thead th {\n",
       "        text-align: right;\n",
       "    }\n",
       "</style>\n",
       "<table border=\"1\" class=\"dataframe\">\n",
       "  <thead>\n",
       "    <tr style=\"text-align: right;\">\n",
       "      <th></th>\n",
       "      <th>1 Day</th>\n",
       "      <th>5 Day</th>\n",
       "      <th>1 Month</th>\n",
       "      <th>3 Month</th>\n",
       "      <th>YTD</th>\n",
       "      <th>1 Year</th>\n",
       "      <th>3 Year</th>\n",
       "      <th>5 Year</th>\n",
       "      <th>10 Year</th>\n",
       "      <th>STD</th>\n",
       "    </tr>\n",
       "  </thead>\n",
       "  <tbody>\n",
       "    <tr>\n",
       "      <th>Energy</th>\n",
       "      <td>-0.0035</td>\n",
       "      <td>-0.0052</td>\n",
       "      <td>0.0225</td>\n",
       "      <td>0.0259</td>\n",
       "      <td>0.0332</td>\n",
       "      <td>-0.0981</td>\n",
       "      <td>-0.1772</td>\n",
       "      <td>-0.3213</td>\n",
       "      <td>0.0153</td>\n",
       "      <td>0.121496</td>\n",
       "    </tr>\n",
       "    <tr>\n",
       "      <th>Health Care</th>\n",
       "      <td>0.0040</td>\n",
       "      <td>0.0081</td>\n",
       "      <td>0.0707</td>\n",
       "      <td>0.0767</td>\n",
       "      <td>0.1345</td>\n",
       "      <td>0.0980</td>\n",
       "      <td>0.4087</td>\n",
       "      <td>0.4394</td>\n",
       "      <td>2.2294</td>\n",
       "      <td>0.709885</td>\n",
       "    </tr>\n",
       "    <tr>\n",
       "      <th>Materials</th>\n",
       "      <td>0.0015</td>\n",
       "      <td>-0.0169</td>\n",
       "      <td>0.0350</td>\n",
       "      <td>0.0489</td>\n",
       "      <td>0.1747</td>\n",
       "      <td>0.1043</td>\n",
       "      <td>0.2148</td>\n",
       "      <td>0.1697</td>\n",
       "      <td>0.8934</td>\n",
       "      <td>0.279476</td>\n",
       "    </tr>\n",
       "    <tr>\n",
       "      <th>Consumer Staples</th>\n",
       "      <td>-0.0014</td>\n",
       "      <td>-0.0021</td>\n",
       "      <td>0.0040</td>\n",
       "      <td>0.0145</td>\n",
       "      <td>0.2033</td>\n",
       "      <td>0.1243</td>\n",
       "      <td>0.2058</td>\n",
       "      <td>0.2595</td>\n",
       "      <td>1.2632</td>\n",
       "      <td>0.400901</td>\n",
       "    </tr>\n",
       "    <tr>\n",
       "      <th>Financials</th>\n",
       "      <td>0.0076</td>\n",
       "      <td>0.0046</td>\n",
       "      <td>0.0474</td>\n",
       "      <td>0.1253</td>\n",
       "      <td>0.2516</td>\n",
       "      <td>0.1405</td>\n",
       "      <td>0.3442</td>\n",
       "      <td>0.5205</td>\n",
       "      <td>1.5255</td>\n",
       "      <td>0.479500</td>\n",
       "    </tr>\n",
       "    <tr>\n",
       "      <th>Real Estate</th>\n",
       "      <td>-0.0054</td>\n",
       "      <td>-0.0122</td>\n",
       "      <td>-0.0545</td>\n",
       "      <td>-0.0210</td>\n",
       "      <td>0.2227</td>\n",
       "      <td>0.1530</td>\n",
       "      <td>0.2981</td>\n",
       "      <td>NaN</td>\n",
       "      <td>NaN</td>\n",
       "      <td>0.139812</td>\n",
       "    </tr>\n",
       "    <tr>\n",
       "      <th>Utilities</th>\n",
       "      <td>0.0003</td>\n",
       "      <td>0.0020</td>\n",
       "      <td>-0.0205</td>\n",
       "      <td>0.0155</td>\n",
       "      <td>0.1856</td>\n",
       "      <td>0.1666</td>\n",
       "      <td>0.3475</td>\n",
       "      <td>0.3769</td>\n",
       "      <td>1.1591</td>\n",
       "      <td>0.373356</td>\n",
       "    </tr>\n",
       "    <tr>\n",
       "      <th>Consumer Discretionary</th>\n",
       "      <td>0.0065</td>\n",
       "      <td>-0.0080</td>\n",
       "      <td>-0.0199</td>\n",
       "      <td>0.0013</td>\n",
       "      <td>0.2081</td>\n",
       "      <td>0.1720</td>\n",
       "      <td>0.4568</td>\n",
       "      <td>0.7005</td>\n",
       "      <td>3.1836</td>\n",
       "      <td>1.027903</td>\n",
       "    </tr>\n",
       "    <tr>\n",
       "      <th>Industrials</th>\n",
       "      <td>0.0054</td>\n",
       "      <td>-0.0081</td>\n",
       "      <td>0.0527</td>\n",
       "      <td>0.0895</td>\n",
       "      <td>0.2667</td>\n",
       "      <td>0.1728</td>\n",
       "      <td>0.2937</td>\n",
       "      <td>0.3987</td>\n",
       "      <td>1.8694</td>\n",
       "      <td>0.586907</td>\n",
       "    </tr>\n",
       "    <tr>\n",
       "      <th>Communication Services</th>\n",
       "      <td>0.0013</td>\n",
       "      <td>-0.0040</td>\n",
       "      <td>0.0335</td>\n",
       "      <td>0.0681</td>\n",
       "      <td>0.2748</td>\n",
       "      <td>0.2307</td>\n",
       "      <td>0.1073</td>\n",
       "      <td>0.0937</td>\n",
       "      <td>0.6594</td>\n",
       "      <td>0.209527</td>\n",
       "    </tr>\n",
       "    <tr>\n",
       "      <th>Information Technology</th>\n",
       "      <td>-0.0012</td>\n",
       "      <td>-0.0083</td>\n",
       "      <td>0.0569</td>\n",
       "      <td>0.0826</td>\n",
       "      <td>0.3936</td>\n",
       "      <td>0.3410</td>\n",
       "      <td>0.8845</td>\n",
       "      <td>1.1978</td>\n",
       "      <td>3.3176</td>\n",
       "      <td>1.069137</td>\n",
       "    </tr>\n",
       "  </tbody>\n",
       "</table>\n",
       "</div>"
      ],
      "text/plain": [
       "                         1 Day   5 Day  1 Month  3 Month     YTD  1 Year  \\\n",
       "Energy                 -0.0035 -0.0052   0.0225   0.0259  0.0332 -0.0981   \n",
       "Health Care             0.0040  0.0081   0.0707   0.0767  0.1345  0.0980   \n",
       "Materials               0.0015 -0.0169   0.0350   0.0489  0.1747  0.1043   \n",
       "Consumer Staples       -0.0014 -0.0021   0.0040   0.0145  0.2033  0.1243   \n",
       "Financials              0.0076  0.0046   0.0474   0.1253  0.2516  0.1405   \n",
       "Real Estate            -0.0054 -0.0122  -0.0545  -0.0210  0.2227  0.1530   \n",
       "Utilities               0.0003  0.0020  -0.0205   0.0155  0.1856  0.1666   \n",
       "Consumer Discretionary  0.0065 -0.0080  -0.0199   0.0013  0.2081  0.1720   \n",
       "Industrials             0.0054 -0.0081   0.0527   0.0895  0.2667  0.1728   \n",
       "Communication Services  0.0013 -0.0040   0.0335   0.0681  0.2748  0.2307   \n",
       "Information Technology -0.0012 -0.0083   0.0569   0.0826  0.3936  0.3410   \n",
       "\n",
       "                        3 Year  5 Year  10 Year       STD  \n",
       "Energy                 -0.1772 -0.3213   0.0153  0.121496  \n",
       "Health Care             0.4087  0.4394   2.2294  0.709885  \n",
       "Materials               0.2148  0.1697   0.8934  0.279476  \n",
       "Consumer Staples        0.2058  0.2595   1.2632  0.400901  \n",
       "Financials              0.3442  0.5205   1.5255  0.479500  \n",
       "Real Estate             0.2981     NaN      NaN  0.139812  \n",
       "Utilities               0.3475  0.3769   1.1591  0.373356  \n",
       "Consumer Discretionary  0.4568  0.7005   3.1836  1.027903  \n",
       "Industrials             0.2937  0.3987   1.8694  0.586907  \n",
       "Communication Services  0.1073  0.0937   0.6594  0.209527  \n",
       "Information Technology  0.8845  1.1978   3.3176  1.069137  "
      ]
     },
     "execution_count": 6,
     "metadata": {},
     "output_type": "execute_result"
    }
   ],
   "source": [
    "df.sort_values(by='1 Year')"
   ]
  },
  {
   "cell_type": "code",
   "execution_count": 7,
   "metadata": {},
   "outputs": [
    {
     "data": {
      "text/html": [
       "<div>\n",
       "<style scoped>\n",
       "    .dataframe tbody tr th:only-of-type {\n",
       "        vertical-align: middle;\n",
       "    }\n",
       "\n",
       "    .dataframe tbody tr th {\n",
       "        vertical-align: top;\n",
       "    }\n",
       "\n",
       "    .dataframe thead th {\n",
       "        text-align: right;\n",
       "    }\n",
       "</style>\n",
       "<table border=\"1\" class=\"dataframe\">\n",
       "  <thead>\n",
       "    <tr style=\"text-align: right;\">\n",
       "      <th></th>\n",
       "      <th>1 Day</th>\n",
       "      <th>5 Day</th>\n",
       "      <th>1 Month</th>\n",
       "      <th>3 Month</th>\n",
       "      <th>YTD</th>\n",
       "      <th>1 Year</th>\n",
       "      <th>3 Year</th>\n",
       "      <th>5 Year</th>\n",
       "      <th>10 Year</th>\n",
       "      <th>STD</th>\n",
       "    </tr>\n",
       "  </thead>\n",
       "  <tbody>\n",
       "    <tr>\n",
       "      <th>Energy</th>\n",
       "      <td>-0.0035</td>\n",
       "      <td>-0.0052</td>\n",
       "      <td>0.0225</td>\n",
       "      <td>0.0259</td>\n",
       "      <td>0.0332</td>\n",
       "      <td>-0.0981</td>\n",
       "      <td>-0.1772</td>\n",
       "      <td>-0.3213</td>\n",
       "      <td>0.0153</td>\n",
       "      <td>0.121496</td>\n",
       "    </tr>\n",
       "    <tr>\n",
       "      <th>Communication Services</th>\n",
       "      <td>0.0013</td>\n",
       "      <td>-0.0040</td>\n",
       "      <td>0.0335</td>\n",
       "      <td>0.0681</td>\n",
       "      <td>0.2748</td>\n",
       "      <td>0.2307</td>\n",
       "      <td>0.1073</td>\n",
       "      <td>0.0937</td>\n",
       "      <td>0.6594</td>\n",
       "      <td>0.209527</td>\n",
       "    </tr>\n",
       "    <tr>\n",
       "      <th>Consumer Staples</th>\n",
       "      <td>-0.0014</td>\n",
       "      <td>-0.0021</td>\n",
       "      <td>0.0040</td>\n",
       "      <td>0.0145</td>\n",
       "      <td>0.2033</td>\n",
       "      <td>0.1243</td>\n",
       "      <td>0.2058</td>\n",
       "      <td>0.2595</td>\n",
       "      <td>1.2632</td>\n",
       "      <td>0.400901</td>\n",
       "    </tr>\n",
       "    <tr>\n",
       "      <th>Materials</th>\n",
       "      <td>0.0015</td>\n",
       "      <td>-0.0169</td>\n",
       "      <td>0.0350</td>\n",
       "      <td>0.0489</td>\n",
       "      <td>0.1747</td>\n",
       "      <td>0.1043</td>\n",
       "      <td>0.2148</td>\n",
       "      <td>0.1697</td>\n",
       "      <td>0.8934</td>\n",
       "      <td>0.279476</td>\n",
       "    </tr>\n",
       "    <tr>\n",
       "      <th>Industrials</th>\n",
       "      <td>0.0054</td>\n",
       "      <td>-0.0081</td>\n",
       "      <td>0.0527</td>\n",
       "      <td>0.0895</td>\n",
       "      <td>0.2667</td>\n",
       "      <td>0.1728</td>\n",
       "      <td>0.2937</td>\n",
       "      <td>0.3987</td>\n",
       "      <td>1.8694</td>\n",
       "      <td>0.586907</td>\n",
       "    </tr>\n",
       "    <tr>\n",
       "      <th>Real Estate</th>\n",
       "      <td>-0.0054</td>\n",
       "      <td>-0.0122</td>\n",
       "      <td>-0.0545</td>\n",
       "      <td>-0.0210</td>\n",
       "      <td>0.2227</td>\n",
       "      <td>0.1530</td>\n",
       "      <td>0.2981</td>\n",
       "      <td>NaN</td>\n",
       "      <td>NaN</td>\n",
       "      <td>0.139812</td>\n",
       "    </tr>\n",
       "    <tr>\n",
       "      <th>Financials</th>\n",
       "      <td>0.0076</td>\n",
       "      <td>0.0046</td>\n",
       "      <td>0.0474</td>\n",
       "      <td>0.1253</td>\n",
       "      <td>0.2516</td>\n",
       "      <td>0.1405</td>\n",
       "      <td>0.3442</td>\n",
       "      <td>0.5205</td>\n",
       "      <td>1.5255</td>\n",
       "      <td>0.479500</td>\n",
       "    </tr>\n",
       "    <tr>\n",
       "      <th>Utilities</th>\n",
       "      <td>0.0003</td>\n",
       "      <td>0.0020</td>\n",
       "      <td>-0.0205</td>\n",
       "      <td>0.0155</td>\n",
       "      <td>0.1856</td>\n",
       "      <td>0.1666</td>\n",
       "      <td>0.3475</td>\n",
       "      <td>0.3769</td>\n",
       "      <td>1.1591</td>\n",
       "      <td>0.373356</td>\n",
       "    </tr>\n",
       "    <tr>\n",
       "      <th>Health Care</th>\n",
       "      <td>0.0040</td>\n",
       "      <td>0.0081</td>\n",
       "      <td>0.0707</td>\n",
       "      <td>0.0767</td>\n",
       "      <td>0.1345</td>\n",
       "      <td>0.0980</td>\n",
       "      <td>0.4087</td>\n",
       "      <td>0.4394</td>\n",
       "      <td>2.2294</td>\n",
       "      <td>0.709885</td>\n",
       "    </tr>\n",
       "    <tr>\n",
       "      <th>Consumer Discretionary</th>\n",
       "      <td>0.0065</td>\n",
       "      <td>-0.0080</td>\n",
       "      <td>-0.0199</td>\n",
       "      <td>0.0013</td>\n",
       "      <td>0.2081</td>\n",
       "      <td>0.1720</td>\n",
       "      <td>0.4568</td>\n",
       "      <td>0.7005</td>\n",
       "      <td>3.1836</td>\n",
       "      <td>1.027903</td>\n",
       "    </tr>\n",
       "    <tr>\n",
       "      <th>Information Technology</th>\n",
       "      <td>-0.0012</td>\n",
       "      <td>-0.0083</td>\n",
       "      <td>0.0569</td>\n",
       "      <td>0.0826</td>\n",
       "      <td>0.3936</td>\n",
       "      <td>0.3410</td>\n",
       "      <td>0.8845</td>\n",
       "      <td>1.1978</td>\n",
       "      <td>3.3176</td>\n",
       "      <td>1.069137</td>\n",
       "    </tr>\n",
       "  </tbody>\n",
       "</table>\n",
       "</div>"
      ],
      "text/plain": [
       "                         1 Day   5 Day  1 Month  3 Month     YTD  1 Year  \\\n",
       "Energy                 -0.0035 -0.0052   0.0225   0.0259  0.0332 -0.0981   \n",
       "Communication Services  0.0013 -0.0040   0.0335   0.0681  0.2748  0.2307   \n",
       "Consumer Staples       -0.0014 -0.0021   0.0040   0.0145  0.2033  0.1243   \n",
       "Materials               0.0015 -0.0169   0.0350   0.0489  0.1747  0.1043   \n",
       "Industrials             0.0054 -0.0081   0.0527   0.0895  0.2667  0.1728   \n",
       "Real Estate            -0.0054 -0.0122  -0.0545  -0.0210  0.2227  0.1530   \n",
       "Financials              0.0076  0.0046   0.0474   0.1253  0.2516  0.1405   \n",
       "Utilities               0.0003  0.0020  -0.0205   0.0155  0.1856  0.1666   \n",
       "Health Care             0.0040  0.0081   0.0707   0.0767  0.1345  0.0980   \n",
       "Consumer Discretionary  0.0065 -0.0080  -0.0199   0.0013  0.2081  0.1720   \n",
       "Information Technology -0.0012 -0.0083   0.0569   0.0826  0.3936  0.3410   \n",
       "\n",
       "                        3 Year  5 Year  10 Year       STD  \n",
       "Energy                 -0.1772 -0.3213   0.0153  0.121496  \n",
       "Communication Services  0.1073  0.0937   0.6594  0.209527  \n",
       "Consumer Staples        0.2058  0.2595   1.2632  0.400901  \n",
       "Materials               0.2148  0.1697   0.8934  0.279476  \n",
       "Industrials             0.2937  0.3987   1.8694  0.586907  \n",
       "Real Estate             0.2981     NaN      NaN  0.139812  \n",
       "Financials              0.3442  0.5205   1.5255  0.479500  \n",
       "Utilities               0.3475  0.3769   1.1591  0.373356  \n",
       "Health Care             0.4087  0.4394   2.2294  0.709885  \n",
       "Consumer Discretionary  0.4568  0.7005   3.1836  1.027903  \n",
       "Information Technology  0.8845  1.1978   3.3176  1.069137  "
      ]
     },
     "execution_count": 7,
     "metadata": {},
     "output_type": "execute_result"
    }
   ],
   "source": [
    "df.sort_values(by='3 Year')"
   ]
  },
  {
   "cell_type": "code",
   "execution_count": 8,
   "metadata": {},
   "outputs": [
    {
     "data": {
      "text/html": [
       "<div>\n",
       "<style scoped>\n",
       "    .dataframe tbody tr th:only-of-type {\n",
       "        vertical-align: middle;\n",
       "    }\n",
       "\n",
       "    .dataframe tbody tr th {\n",
       "        vertical-align: top;\n",
       "    }\n",
       "\n",
       "    .dataframe thead th {\n",
       "        text-align: right;\n",
       "    }\n",
       "</style>\n",
       "<table border=\"1\" class=\"dataframe\">\n",
       "  <thead>\n",
       "    <tr style=\"text-align: right;\">\n",
       "      <th></th>\n",
       "      <th>1 Day</th>\n",
       "      <th>5 Day</th>\n",
       "      <th>1 Month</th>\n",
       "      <th>3 Month</th>\n",
       "      <th>YTD</th>\n",
       "      <th>1 Year</th>\n",
       "      <th>3 Year</th>\n",
       "      <th>5 Year</th>\n",
       "      <th>10 Year</th>\n",
       "      <th>STD</th>\n",
       "    </tr>\n",
       "  </thead>\n",
       "  <tbody>\n",
       "    <tr>\n",
       "      <th>Energy</th>\n",
       "      <td>-0.0035</td>\n",
       "      <td>-0.0052</td>\n",
       "      <td>0.0225</td>\n",
       "      <td>0.0259</td>\n",
       "      <td>0.0332</td>\n",
       "      <td>-0.0981</td>\n",
       "      <td>-0.1772</td>\n",
       "      <td>-0.3213</td>\n",
       "      <td>0.0153</td>\n",
       "      <td>0.121496</td>\n",
       "    </tr>\n",
       "    <tr>\n",
       "      <th>Communication Services</th>\n",
       "      <td>0.0013</td>\n",
       "      <td>-0.0040</td>\n",
       "      <td>0.0335</td>\n",
       "      <td>0.0681</td>\n",
       "      <td>0.2748</td>\n",
       "      <td>0.2307</td>\n",
       "      <td>0.1073</td>\n",
       "      <td>0.0937</td>\n",
       "      <td>0.6594</td>\n",
       "      <td>0.209527</td>\n",
       "    </tr>\n",
       "    <tr>\n",
       "      <th>Materials</th>\n",
       "      <td>0.0015</td>\n",
       "      <td>-0.0169</td>\n",
       "      <td>0.0350</td>\n",
       "      <td>0.0489</td>\n",
       "      <td>0.1747</td>\n",
       "      <td>0.1043</td>\n",
       "      <td>0.2148</td>\n",
       "      <td>0.1697</td>\n",
       "      <td>0.8934</td>\n",
       "      <td>0.279476</td>\n",
       "    </tr>\n",
       "    <tr>\n",
       "      <th>Consumer Staples</th>\n",
       "      <td>-0.0014</td>\n",
       "      <td>-0.0021</td>\n",
       "      <td>0.0040</td>\n",
       "      <td>0.0145</td>\n",
       "      <td>0.2033</td>\n",
       "      <td>0.1243</td>\n",
       "      <td>0.2058</td>\n",
       "      <td>0.2595</td>\n",
       "      <td>1.2632</td>\n",
       "      <td>0.400901</td>\n",
       "    </tr>\n",
       "    <tr>\n",
       "      <th>Utilities</th>\n",
       "      <td>0.0003</td>\n",
       "      <td>0.0020</td>\n",
       "      <td>-0.0205</td>\n",
       "      <td>0.0155</td>\n",
       "      <td>0.1856</td>\n",
       "      <td>0.1666</td>\n",
       "      <td>0.3475</td>\n",
       "      <td>0.3769</td>\n",
       "      <td>1.1591</td>\n",
       "      <td>0.373356</td>\n",
       "    </tr>\n",
       "    <tr>\n",
       "      <th>Industrials</th>\n",
       "      <td>0.0054</td>\n",
       "      <td>-0.0081</td>\n",
       "      <td>0.0527</td>\n",
       "      <td>0.0895</td>\n",
       "      <td>0.2667</td>\n",
       "      <td>0.1728</td>\n",
       "      <td>0.2937</td>\n",
       "      <td>0.3987</td>\n",
       "      <td>1.8694</td>\n",
       "      <td>0.586907</td>\n",
       "    </tr>\n",
       "    <tr>\n",
       "      <th>Health Care</th>\n",
       "      <td>0.0040</td>\n",
       "      <td>0.0081</td>\n",
       "      <td>0.0707</td>\n",
       "      <td>0.0767</td>\n",
       "      <td>0.1345</td>\n",
       "      <td>0.0980</td>\n",
       "      <td>0.4087</td>\n",
       "      <td>0.4394</td>\n",
       "      <td>2.2294</td>\n",
       "      <td>0.709885</td>\n",
       "    </tr>\n",
       "    <tr>\n",
       "      <th>Financials</th>\n",
       "      <td>0.0076</td>\n",
       "      <td>0.0046</td>\n",
       "      <td>0.0474</td>\n",
       "      <td>0.1253</td>\n",
       "      <td>0.2516</td>\n",
       "      <td>0.1405</td>\n",
       "      <td>0.3442</td>\n",
       "      <td>0.5205</td>\n",
       "      <td>1.5255</td>\n",
       "      <td>0.479500</td>\n",
       "    </tr>\n",
       "    <tr>\n",
       "      <th>Consumer Discretionary</th>\n",
       "      <td>0.0065</td>\n",
       "      <td>-0.0080</td>\n",
       "      <td>-0.0199</td>\n",
       "      <td>0.0013</td>\n",
       "      <td>0.2081</td>\n",
       "      <td>0.1720</td>\n",
       "      <td>0.4568</td>\n",
       "      <td>0.7005</td>\n",
       "      <td>3.1836</td>\n",
       "      <td>1.027903</td>\n",
       "    </tr>\n",
       "    <tr>\n",
       "      <th>Information Technology</th>\n",
       "      <td>-0.0012</td>\n",
       "      <td>-0.0083</td>\n",
       "      <td>0.0569</td>\n",
       "      <td>0.0826</td>\n",
       "      <td>0.3936</td>\n",
       "      <td>0.3410</td>\n",
       "      <td>0.8845</td>\n",
       "      <td>1.1978</td>\n",
       "      <td>3.3176</td>\n",
       "      <td>1.069137</td>\n",
       "    </tr>\n",
       "    <tr>\n",
       "      <th>Real Estate</th>\n",
       "      <td>-0.0054</td>\n",
       "      <td>-0.0122</td>\n",
       "      <td>-0.0545</td>\n",
       "      <td>-0.0210</td>\n",
       "      <td>0.2227</td>\n",
       "      <td>0.1530</td>\n",
       "      <td>0.2981</td>\n",
       "      <td>NaN</td>\n",
       "      <td>NaN</td>\n",
       "      <td>0.139812</td>\n",
       "    </tr>\n",
       "  </tbody>\n",
       "</table>\n",
       "</div>"
      ],
      "text/plain": [
       "                         1 Day   5 Day  1 Month  3 Month     YTD  1 Year  \\\n",
       "Energy                 -0.0035 -0.0052   0.0225   0.0259  0.0332 -0.0981   \n",
       "Communication Services  0.0013 -0.0040   0.0335   0.0681  0.2748  0.2307   \n",
       "Materials               0.0015 -0.0169   0.0350   0.0489  0.1747  0.1043   \n",
       "Consumer Staples       -0.0014 -0.0021   0.0040   0.0145  0.2033  0.1243   \n",
       "Utilities               0.0003  0.0020  -0.0205   0.0155  0.1856  0.1666   \n",
       "Industrials             0.0054 -0.0081   0.0527   0.0895  0.2667  0.1728   \n",
       "Health Care             0.0040  0.0081   0.0707   0.0767  0.1345  0.0980   \n",
       "Financials              0.0076  0.0046   0.0474   0.1253  0.2516  0.1405   \n",
       "Consumer Discretionary  0.0065 -0.0080  -0.0199   0.0013  0.2081  0.1720   \n",
       "Information Technology -0.0012 -0.0083   0.0569   0.0826  0.3936  0.3410   \n",
       "Real Estate            -0.0054 -0.0122  -0.0545  -0.0210  0.2227  0.1530   \n",
       "\n",
       "                        3 Year  5 Year  10 Year       STD  \n",
       "Energy                 -0.1772 -0.3213   0.0153  0.121496  \n",
       "Communication Services  0.1073  0.0937   0.6594  0.209527  \n",
       "Materials               0.2148  0.1697   0.8934  0.279476  \n",
       "Consumer Staples        0.2058  0.2595   1.2632  0.400901  \n",
       "Utilities               0.3475  0.3769   1.1591  0.373356  \n",
       "Industrials             0.2937  0.3987   1.8694  0.586907  \n",
       "Health Care             0.4087  0.4394   2.2294  0.709885  \n",
       "Financials              0.3442  0.5205   1.5255  0.479500  \n",
       "Consumer Discretionary  0.4568  0.7005   3.1836  1.027903  \n",
       "Information Technology  0.8845  1.1978   3.3176  1.069137  \n",
       "Real Estate             0.2981     NaN      NaN  0.139812  "
      ]
     },
     "execution_count": 8,
     "metadata": {},
     "output_type": "execute_result"
    }
   ],
   "source": [
    "df.sort_values(by='5 Year')"
   ]
  },
  {
   "cell_type": "code",
   "execution_count": 9,
   "metadata": {},
   "outputs": [
    {
     "data": {
      "text/html": [
       "<div>\n",
       "<style scoped>\n",
       "    .dataframe tbody tr th:only-of-type {\n",
       "        vertical-align: middle;\n",
       "    }\n",
       "\n",
       "    .dataframe tbody tr th {\n",
       "        vertical-align: top;\n",
       "    }\n",
       "\n",
       "    .dataframe thead th {\n",
       "        text-align: right;\n",
       "    }\n",
       "</style>\n",
       "<table border=\"1\" class=\"dataframe\">\n",
       "  <thead>\n",
       "    <tr style=\"text-align: right;\">\n",
       "      <th></th>\n",
       "      <th>1 Day</th>\n",
       "      <th>5 Day</th>\n",
       "      <th>1 Month</th>\n",
       "      <th>3 Month</th>\n",
       "      <th>YTD</th>\n",
       "      <th>1 Year</th>\n",
       "      <th>3 Year</th>\n",
       "      <th>5 Year</th>\n",
       "      <th>10 Year</th>\n",
       "      <th>STD</th>\n",
       "    </tr>\n",
       "  </thead>\n",
       "  <tbody>\n",
       "    <tr>\n",
       "      <th>Energy</th>\n",
       "      <td>-0.0035</td>\n",
       "      <td>-0.0052</td>\n",
       "      <td>0.0225</td>\n",
       "      <td>0.0259</td>\n",
       "      <td>0.0332</td>\n",
       "      <td>-0.0981</td>\n",
       "      <td>-0.1772</td>\n",
       "      <td>-0.3213</td>\n",
       "      <td>0.0153</td>\n",
       "      <td>0.121496</td>\n",
       "    </tr>\n",
       "    <tr>\n",
       "      <th>Communication Services</th>\n",
       "      <td>0.0013</td>\n",
       "      <td>-0.0040</td>\n",
       "      <td>0.0335</td>\n",
       "      <td>0.0681</td>\n",
       "      <td>0.2748</td>\n",
       "      <td>0.2307</td>\n",
       "      <td>0.1073</td>\n",
       "      <td>0.0937</td>\n",
       "      <td>0.6594</td>\n",
       "      <td>0.209527</td>\n",
       "    </tr>\n",
       "    <tr>\n",
       "      <th>Materials</th>\n",
       "      <td>0.0015</td>\n",
       "      <td>-0.0169</td>\n",
       "      <td>0.0350</td>\n",
       "      <td>0.0489</td>\n",
       "      <td>0.1747</td>\n",
       "      <td>0.1043</td>\n",
       "      <td>0.2148</td>\n",
       "      <td>0.1697</td>\n",
       "      <td>0.8934</td>\n",
       "      <td>0.279476</td>\n",
       "    </tr>\n",
       "    <tr>\n",
       "      <th>Utilities</th>\n",
       "      <td>0.0003</td>\n",
       "      <td>0.0020</td>\n",
       "      <td>-0.0205</td>\n",
       "      <td>0.0155</td>\n",
       "      <td>0.1856</td>\n",
       "      <td>0.1666</td>\n",
       "      <td>0.3475</td>\n",
       "      <td>0.3769</td>\n",
       "      <td>1.1591</td>\n",
       "      <td>0.373356</td>\n",
       "    </tr>\n",
       "    <tr>\n",
       "      <th>Consumer Staples</th>\n",
       "      <td>-0.0014</td>\n",
       "      <td>-0.0021</td>\n",
       "      <td>0.0040</td>\n",
       "      <td>0.0145</td>\n",
       "      <td>0.2033</td>\n",
       "      <td>0.1243</td>\n",
       "      <td>0.2058</td>\n",
       "      <td>0.2595</td>\n",
       "      <td>1.2632</td>\n",
       "      <td>0.400901</td>\n",
       "    </tr>\n",
       "    <tr>\n",
       "      <th>Financials</th>\n",
       "      <td>0.0076</td>\n",
       "      <td>0.0046</td>\n",
       "      <td>0.0474</td>\n",
       "      <td>0.1253</td>\n",
       "      <td>0.2516</td>\n",
       "      <td>0.1405</td>\n",
       "      <td>0.3442</td>\n",
       "      <td>0.5205</td>\n",
       "      <td>1.5255</td>\n",
       "      <td>0.479500</td>\n",
       "    </tr>\n",
       "    <tr>\n",
       "      <th>Industrials</th>\n",
       "      <td>0.0054</td>\n",
       "      <td>-0.0081</td>\n",
       "      <td>0.0527</td>\n",
       "      <td>0.0895</td>\n",
       "      <td>0.2667</td>\n",
       "      <td>0.1728</td>\n",
       "      <td>0.2937</td>\n",
       "      <td>0.3987</td>\n",
       "      <td>1.8694</td>\n",
       "      <td>0.586907</td>\n",
       "    </tr>\n",
       "    <tr>\n",
       "      <th>Health Care</th>\n",
       "      <td>0.0040</td>\n",
       "      <td>0.0081</td>\n",
       "      <td>0.0707</td>\n",
       "      <td>0.0767</td>\n",
       "      <td>0.1345</td>\n",
       "      <td>0.0980</td>\n",
       "      <td>0.4087</td>\n",
       "      <td>0.4394</td>\n",
       "      <td>2.2294</td>\n",
       "      <td>0.709885</td>\n",
       "    </tr>\n",
       "    <tr>\n",
       "      <th>Consumer Discretionary</th>\n",
       "      <td>0.0065</td>\n",
       "      <td>-0.0080</td>\n",
       "      <td>-0.0199</td>\n",
       "      <td>0.0013</td>\n",
       "      <td>0.2081</td>\n",
       "      <td>0.1720</td>\n",
       "      <td>0.4568</td>\n",
       "      <td>0.7005</td>\n",
       "      <td>3.1836</td>\n",
       "      <td>1.027903</td>\n",
       "    </tr>\n",
       "    <tr>\n",
       "      <th>Information Technology</th>\n",
       "      <td>-0.0012</td>\n",
       "      <td>-0.0083</td>\n",
       "      <td>0.0569</td>\n",
       "      <td>0.0826</td>\n",
       "      <td>0.3936</td>\n",
       "      <td>0.3410</td>\n",
       "      <td>0.8845</td>\n",
       "      <td>1.1978</td>\n",
       "      <td>3.3176</td>\n",
       "      <td>1.069137</td>\n",
       "    </tr>\n",
       "    <tr>\n",
       "      <th>Real Estate</th>\n",
       "      <td>-0.0054</td>\n",
       "      <td>-0.0122</td>\n",
       "      <td>-0.0545</td>\n",
       "      <td>-0.0210</td>\n",
       "      <td>0.2227</td>\n",
       "      <td>0.1530</td>\n",
       "      <td>0.2981</td>\n",
       "      <td>NaN</td>\n",
       "      <td>NaN</td>\n",
       "      <td>0.139812</td>\n",
       "    </tr>\n",
       "  </tbody>\n",
       "</table>\n",
       "</div>"
      ],
      "text/plain": [
       "                         1 Day   5 Day  1 Month  3 Month     YTD  1 Year  \\\n",
       "Energy                 -0.0035 -0.0052   0.0225   0.0259  0.0332 -0.0981   \n",
       "Communication Services  0.0013 -0.0040   0.0335   0.0681  0.2748  0.2307   \n",
       "Materials               0.0015 -0.0169   0.0350   0.0489  0.1747  0.1043   \n",
       "Utilities               0.0003  0.0020  -0.0205   0.0155  0.1856  0.1666   \n",
       "Consumer Staples       -0.0014 -0.0021   0.0040   0.0145  0.2033  0.1243   \n",
       "Financials              0.0076  0.0046   0.0474   0.1253  0.2516  0.1405   \n",
       "Industrials             0.0054 -0.0081   0.0527   0.0895  0.2667  0.1728   \n",
       "Health Care             0.0040  0.0081   0.0707   0.0767  0.1345  0.0980   \n",
       "Consumer Discretionary  0.0065 -0.0080  -0.0199   0.0013  0.2081  0.1720   \n",
       "Information Technology -0.0012 -0.0083   0.0569   0.0826  0.3936  0.3410   \n",
       "Real Estate            -0.0054 -0.0122  -0.0545  -0.0210  0.2227  0.1530   \n",
       "\n",
       "                        3 Year  5 Year  10 Year       STD  \n",
       "Energy                 -0.1772 -0.3213   0.0153  0.121496  \n",
       "Communication Services  0.1073  0.0937   0.6594  0.209527  \n",
       "Materials               0.2148  0.1697   0.8934  0.279476  \n",
       "Utilities               0.3475  0.3769   1.1591  0.373356  \n",
       "Consumer Staples        0.2058  0.2595   1.2632  0.400901  \n",
       "Financials              0.3442  0.5205   1.5255  0.479500  \n",
       "Industrials             0.2937  0.3987   1.8694  0.586907  \n",
       "Health Care             0.4087  0.4394   2.2294  0.709885  \n",
       "Consumer Discretionary  0.4568  0.7005   3.1836  1.027903  \n",
       "Information Technology  0.8845  1.1978   3.3176  1.069137  \n",
       "Real Estate             0.2981     NaN      NaN  0.139812  "
      ]
     },
     "execution_count": 9,
     "metadata": {},
     "output_type": "execute_result"
    }
   ],
   "source": [
    "df.sort_values(by='10 Year')"
   ]
  },
  {
   "cell_type": "code",
   "execution_count": 10,
   "metadata": {},
   "outputs": [
    {
     "data": {
