{
 "cells": [
  {
   "cell_type": "markdown",
   "metadata": {},
   "source": [
    "# ALPHA VANTAGE USA SECTORS"
   ]
  },
  {
   "cell_type": "code",
   "execution_count": 1,
   "metadata": {},
   "outputs": [],
   "source": [
    "from alpha_vantage.sectorperformance import SectorPerformances\n",
    "import matplotlib.pyplot as plt"
   ]
  },
  {
   "cell_type": "code",
   "execution_count": 2,
   "metadata": {},
   "outputs": [],
   "source": [
    "sp = SectorPerformances(key='1VI1L6694V2Q3CFA', output_format='pandas')\n",
    "\n",
    "df, md = sp.get_sector()"
   ]
  },
  {
   "cell_type": "code",
   "execution_count": 3,
   "metadata": {},
   "outputs": [],
   "source": [
    "df.columns = ['Real-Time', '1 Day', '5 Day', '1 Month', '3 Month',\n",
    "             'YTD', '1 Year', '3 Year', '5 Year', '10 Year']"
   ]
  },
  {
   "cell_type": "code",
   "execution_count": 4,
   "metadata": {},
   "outputs": [],
   "source": [
    "df.drop(labels='Real-Time', axis=1, inplace=True)"
   ]
  },
  {
   "cell_type": "code",
   "execution_count": 5,
   "metadata": {},
   "outputs": [],
   "source": [
    "df['STD'] = df.std(axis=1)"
   ]
  },
  {
   "cell_type": "code",
   "execution_count": 6,
   "metadata": {},
   "outputs": [
    {
     "data": {
      "text/html": [
       "<div>\n",
       "<style scoped>\n",
       "    .dataframe tbody tr th:only-of-type {\n",
       "        vertical-align: middle;\n",
       "    }\n",
       "\n",
       "    .dataframe tbody tr th {\n",
       "        vertical-align: top;\n",
       "    }\n",
       "\n",
       "    .dataframe thead th {\n",
       "        text-align: right;\n",
       "    }\n",
       "</style>\n",
       "<table border=\"1\" class=\"dataframe\">\n",
       "  <thead>\n",
       "    <tr style=\"text-align: right;\">\n",
       "      <th></th>\n",
       "      <th>1 Day</th>\n",
       "      <th>5 Day</th>\n",
       "      <th>1 Month</th>\n",
       "      <th>3 Month</th>\n",
       "      <th>YTD</th>\n",
       "      <th>1 Year</th>\n",
       "      <th>3 Year</th>\n",
       "      <th>5 Year</th>\n",
       "      <th>10 Year</th>\n",
       "      <th>STD</th>\n",
       "    </tr>\n",
       "  </thead>\n",
       "  <tbody>\n",
       "    <tr>\n",
       "      <th>Energy</th>\n",
       "      <td>0.0163</td>\n",
       "      <td>0.0050</td>\n",
       "      <td>0.0452</td>\n",
       "      <td>0.0373</td>\n",
       "      <td>0.0368</td>\n",
       "      <td>-0.0807</td>\n",
       "      <td>-0.1561</td>\n",
       "      <td>-0.3107</td>\n",
       "      <td>0.0188</td>\n",
       "      <td>0.120474</td>\n",
       "    </tr>\n",
       "    <tr>\n",
       "      <th>Health Care</th>\n",
       "      <td>0.0022</td>\n",
       "      <td>0.0263</td>\n",
       "      <td>0.0657</td>\n",
       "      <td>0.0804</td>\n",
       "      <td>0.1300</td>\n",
       "      <td>0.0880</td>\n",
       "      <td>0.4073</td>\n",
       "      <td>0.4392</td>\n",
       "      <td>2.2165</td>\n",
       "      <td>0.705424</td>\n",
       "    </tr>\n",
       "    <tr>\n",
       "      <th>Materials</th>\n",
       "      <td>-0.0012</td>\n",
       "      <td>-0.0191</td>\n",
       "      <td>0.0298</td>\n",
       "      <td>0.0528</td>\n",
       "      <td>0.1729</td>\n",
       "      <td>0.1119</td>\n",
       "      <td>0.2281</td>\n",
       "      <td>0.1826</td>\n",
       "      <td>0.8905</td>\n",
       "      <td>0.279048</td>\n",
       "    </tr>\n",
       "    <tr>\n",
       "      <th>Consumer Staples</th>\n",
       "      <td>-0.0053</td>\n",
       "      <td>0.0003</td>\n",
       "      <td>0.0087</td>\n",
       "      <td>0.0195</td>\n",
       "      <td>0.2050</td>\n",
       "      <td>0.1165</td>\n",
       "      <td>0.2162</td>\n",
       "      <td>0.2669</td>\n",
       "      <td>1.2664</td>\n",
       "      <td>0.401642</td>\n",
       "    </tr>\n",
       "    <tr>\n",
       "      <th>Financials</th>\n",
       "      <td>-0.0010</td>\n",
       "      <td>0.0016</td>\n",
       "      <td>0.0543</td>\n",
       "      <td>0.1220</td>\n",
       "      <td>0.2422</td>\n",
       "      <td>0.1326</td>\n",
       "      <td>0.3382</td>\n",
       "      <td>0.5171</td>\n",
       "      <td>1.5065</td>\n",
       "      <td>0.474635</td>\n",
       "    </tr>\n",
       "    <tr>\n",
       "      <th>Utilities</th>\n",
       "      <td>-0.0037</td>\n",
       "      <td>0.0044</td>\n",
       "      <td>-0.0171</td>\n",
       "      <td>0.0221</td>\n",
       "      <td>0.1853</td>\n",
       "      <td>0.1490</td>\n",
       "      <td>0.3619</td>\n",
       "      <td>0.3818</td>\n",
       "      <td>1.1586</td>\n",
       "      <td>0.373797</td>\n",
       "    </tr>\n",
       "    <tr>\n",
       "      <th>Real Estate</th>\n",
       "      <td>-0.0139</td>\n",
       "      <td>-0.0011</td>\n",
       "      <td>-0.0427</td>\n",
       "      <td>-0.0108</td>\n",
       "      <td>0.2294</td>\n",
       "      <td>0.1577</td>\n",
       "      <td>0.3029</td>\n",
       "      <td>NaN</td>\n",
       "      <td>NaN</td>\n",
       "      <td>0.139162</td>\n",
       "    </tr>\n",
       "    <tr>\n",
       "      <th>Industrials</th>\n",
       "      <td>-0.0016</td>\n",
       "      <td>-0.0067</td>\n",
       "      <td>0.0534</td>\n",
       "      <td>0.0909</td>\n",
       "      <td>0.2598</td>\n",
       "      <td>0.1741</td>\n",
       "      <td>0.2931</td>\n",
       "      <td>0.4048</td>\n",
       "      <td>1.8539</td>\n",
       "      <td>0.582334</td>\n",
       "    </tr>\n",
       "    <tr>\n",
       "      <th>Consumer Discretionary</th>\n",
       "      <td>-0.0052</td>\n",
       "      <td>-0.0129</td>\n",
       "      <td>-0.0216</td>\n",
       "      <td>0.0130</td>\n",
       "      <td>0.2004</td>\n",
       "      <td>0.1761</td>\n",
       "      <td>0.4566</td>\n",
       "      <td>0.6935</td>\n",
       "      <td>3.1567</td>\n",
       "      <td>1.019611</td>\n",
       "    </tr>\n",
       "    <tr>\n",
       "      <th>Communication Services</th>\n",
       "      <td>0.0025</td>\n",
       "      <td>0.0018</td>\n",
       "      <td>0.0364</td>\n",
       "      <td>0.0709</td>\n",
       "      <td>0.2732</td>\n",
       "      <td>0.2414</td>\n",
       "      <td>0.1129</td>\n",
       "      <td>0.0934</td>\n",
       "      <td>0.6572</td>\n",
       "      <td>0.207989</td>\n",
       "    </tr>\n",
       "    <tr>\n",
       "      <th>Information Technology</th>\n",
       "      <td>-0.0048</td>\n",
       "      <td>0.0012</td>\n",
       "      <td>0.0695</td>\n",
       "      <td>0.0967</td>\n",
       "      <td>0.3953</td>\n",
       "      <td>0.3510</td>\n",
       "      <td>0.9069</td>\n",
       "      <td>1.2052</td>\n",
       "      <td>3.3228</td>\n",
       "      <td>1.068767</td>\n",
       "    </tr>\n",
       "  </tbody>\n",
       "</table>\n",
       "</div>"
      ],
      "text/plain": [
       "                         1 Day   5 Day  1 Month  3 Month     YTD  1 Year  \\\n",
       "Energy                  0.0163  0.0050   0.0452   0.0373  0.0368 -0.0807   \n",
       "Health Care             0.0022  0.0263   0.0657   0.0804  0.1300  0.0880   \n",
       "Materials              -0.0012 -0.0191   0.0298   0.0528  0.1729  0.1119   \n",
       "Consumer Staples       -0.0053  0.0003   0.0087   0.0195  0.2050  0.1165   \n",
       "Financials             -0.0010  0.0016   0.0543   0.1220  0.2422  0.1326   \n",
       "Utilities              -0.0037  0.0044  -0.0171   0.0221  0.1853  0.1490   \n",
       "Real Estate            -0.0139 -0.0011  -0.0427  -0.0108  0.2294  0.1577   \n",
       "Industrials            -0.0016 -0.0067   0.0534   0.0909  0.2598  0.1741   \n",
       "Consumer Discretionary -0.0052 -0.0129  -0.0216   0.0130  0.2004  0.1761   \n",
       "Communication Services  0.0025  0.0018   0.0364   0.0709  0.2732  0.2414   \n",
       "Information Technology -0.0048  0.0012   0.0695   0.0967  0.3953  0.3510   \n",
       "\n",
       "                        3 Year  5 Year  10 Year       STD  \n",
       "Energy                 -0.1561 -0.3107   0.0188  0.120474  \n",
       "Health Care             0.4073  0.4392   2.2165  0.705424  \n",
       "Materials               0.2281  0.1826   0.8905  0.279048  \n",
       "Consumer Staples        0.2162  0.2669   1.2664  0.401642  \n",
       "Financials              0.3382  0.5171   1.5065  0.474635  \n",
       "Utilities               0.3619  0.3818   1.1586  0.373797  \n",
       "Real Estate             0.3029     NaN      NaN  0.139162  \n",
       "Industrials             0.2931  0.4048   1.8539  0.582334  \n",
       "Consumer Discretionary  0.4566  0.6935   3.1567  1.019611  \n",
       "Communication Services  0.1129  0.0934   0.6572  0.207989  \n",
       "Information Technology  0.9069  1.2052   3.3228  1.068767  "
      ]
     },
     "execution_count": 6,
     "metadata": {},
     "output_type": "execute_result"
    }
   ],
   "source": [
    "df.sort_values(by='1 Year')"
   ]
  },
  {
   "cell_type": "code",
   "execution_count": 7,
   "metadata": {},
   "outputs": [
    {
     "data": {
      "text/html": [
       "<div>\n",
       "<style scoped>\n",
       "    .dataframe tbody tr th:only-of-type {\n",
       "        vertical-align: middle;\n",
       "    }\n",
       "\n",
       "    .dataframe tbody tr th {\n",
       "        vertical-align: top;\n",
       "    }\n",
       "\n",
       "    .dataframe thead th {\n",
       "        text-align: right;\n",
       "    }\n",
       "</style>\n",
       "<table border=\"1\" class=\"dataframe\">\n",
       "  <thead>\n",
       "    <tr style=\"text-align: right;\">\n",
       "      <th></th>\n",
       "      <th>1 Day</th>\n",
       "      <th>5 Day</th>\n",
       "      <th>1 Month</th>\n",
       "      <th>3 Month</th>\n",
       "      <th>YTD</th>\n",
       "      <th>1 Year</th>\n",
       "      <th>3 Year</th>\n",
       "      <th>5 Year</th>\n",
       "      <th>10 Year</th>\n",
       "      <th>STD</th>\n",
       "    </tr>\n",
       "  </thead>\n",
       "  <tbody>\n",
       "    <tr>\n",
       "      <th>Energy</th>\n",
       "      <td>0.0163</td>\n",
       "      <td>0.0050</td>\n",
       "      <td>0.0452</td>\n",
       "      <td>0.0373</td>\n",
       "      <td>0.0368</td>\n",
       "      <td>-0.0807</td>\n",
       "      <td>-0.1561</td>\n",
       "      <td>-0.3107</td>\n",
       "      <td>0.0188</td>\n",
       "      <td>0.120474</td>\n",
       "    </tr>\n",
       "    <tr>\n",
       "      <th>Communication Services</th>\n",
       "      <td>0.0025</td>\n",
       "      <td>0.0018</td>\n",
       "      <td>0.0364</td>\n",
       "      <td>0.0709</td>\n",
       "      <td>0.2732</td>\n",
       "      <td>0.2414</td>\n",
       "      <td>0.1129</td>\n",
       "      <td>0.0934</td>\n",
       "      <td>0.6572</td>\n",
       "      <td>0.207989</td>\n",
       "    </tr>\n",
       "    <tr>\n",
       "      <th>Consumer Staples</th>\n",
       "      <td>-0.0053</td>\n",
       "      <td>0.0003</td>\n",
       "      <td>0.0087</td>\n",
       "      <td>0.0195</td>\n",
       "      <td>0.2050</td>\n",
       "      <td>0.1165</td>\n",
       "      <td>0.2162</td>\n",
       "      <td>0.2669</td>\n",
       "      <td>1.2664</td>\n",
       "      <td>0.401642</td>\n",
       "    </tr>\n",
       "    <tr>\n",
       "      <th>Materials</th>\n",
       "      <td>-0.0012</td>\n",
       "      <td>-0.0191</td>\n",
       "      <td>0.0298</td>\n",
       "      <td>0.0528</td>\n",
       "      <td>0.1729</td>\n",
       "      <td>0.1119</td>\n",
       "      <td>0.2281</td>\n",
       "      <td>0.1826</td>\n",
       "      <td>0.8905</td>\n",
       "      <td>0.279048</td>\n",
       "    </tr>\n",
       "    <tr>\n",
       "      <th>Industrials</th>\n",
       "      <td>-0.0016</td>\n",
       "      <td>-0.0067</td>\n",
       "      <td>0.0534</td>\n",
       "      <td>0.0909</td>\n",
       "      <td>0.2598</td>\n",
       "      <td>0.1741</td>\n",
       "      <td>0.2931</td>\n",
       "      <td>0.4048</td>\n",
       "      <td>1.8539</td>\n",
       "      <td>0.582334</td>\n",
       "    </tr>\n",
       "    <tr>\n",
       "      <th>Real Estate</th>\n",
       "      <td>-0.0139</td>\n",
       "      <td>-0.0011</td>\n",
       "      <td>-0.0427</td>\n",
       "      <td>-0.0108</td>\n",
       "      <td>0.2294</td>\n",
       "      <td>0.1577</td>\n",
       "      <td>0.3029</td>\n",
       "      <td>NaN</td>\n",
       "      <td>NaN</td>\n",
       "      <td>0.139162</td>\n",
       "    </tr>\n",
       "    <tr>\n",
       "      <th>Financials</th>\n",
       "      <td>-0.0010</td>\n",
       "      <td>0.0016</td>\n",
       "      <td>0.0543</td>\n",
       "      <td>0.1220</td>\n",
       "      <td>0.2422</td>\n",
       "      <td>0.1326</td>\n",
       "      <td>0.3382</td>\n",
       "      <td>0.5171</td>\n",
       "      <td>1.5065</td>\n",
       "      <td>0.474635</td>\n",
       "    </tr>\n",
       "    <tr>\n",
       "      <th>Utilities</th>\n",
       "      <td>-0.0037</td>\n",
       "      <td>0.0044</td>\n",
       "      <td>-0.0171</td>\n",
       "      <td>0.0221</td>\n",
       "      <td>0.1853</td>\n",
       "      <td>0.1490</td>\n",
       "      <td>0.3619</td>\n",
       "      <td>0.3818</td>\n",
       "      <td>1.1586</td>\n",
       "      <td>0.373797</td>\n",
       "    </tr>\n",
       "    <tr>\n",
       "      <th>Health Care</th>\n",
       "      <td>0.0022</td>\n",
       "      <td>0.0263</td>\n",
       "      <td>0.0657</td>\n",
       "      <td>0.0804</td>\n",
       "      <td>0.1300</td>\n",
       "      <td>0.0880</td>\n",
       "      <td>0.4073</td>\n",
       "      <td>0.4392</td>\n",
       "      <td>2.2165</td>\n",
       "      <td>0.705424</td>\n",
       "    </tr>\n",
       "    <tr>\n",
       "      <th>Consumer Discretionary</th>\n",
       "      <td>-0.0052</td>\n",
       "      <td>-0.0129</td>\n",
       "      <td>-0.0216</td>\n",
       "      <td>0.0130</td>\n",
       "      <td>0.2004</td>\n",
       "      <td>0.1761</td>\n",
       "      <td>0.4566</td>\n",
       "      <td>0.6935</td>\n",
       "      <td>3.1567</td>\n",
       "      <td>1.019611</td>\n",
       "    </tr>\n",
       "    <tr>\n",
       "      <th>Information Technology</th>\n",
       "      <td>-0.0048</td>\n",
       "      <td>0.0012</td>\n",
       "      <td>0.0695</td>\n",
       "      <td>0.0967</td>\n",
       "      <td>0.3953</td>\n",
       "      <td>0.3510</td>\n",
       "      <td>0.9069</td>\n",
       "      <td>1.2052</td>\n",
       "      <td>3.3228</td>\n",
       "      <td>1.068767</td>\n",
       "    </tr>\n",
       "  </tbody>\n",
       "</table>\n",
       "</div>"
      ],
      "text/plain": [
       "                         1 Day   5 Day  1 Month  3 Month     YTD  1 Year  \\\n",
       "Energy                  0.0163  0.0050   0.0452   0.0373  0.0368 -0.0807   \n",
       "Communication Services  0.0025  0.0018   0.0364   0.0709  0.2732  0.2414   \n",
       "Consumer Staples       -0.0053  0.0003   0.0087   0.0195  0.2050  0.1165   \n",
       "Materials              -0.0012 -0.0191   0.0298   0.0528  0.1729  0.1119   \n",
       "Industrials            -0.0016 -0.0067   0.0534   0.0909  0.2598  0.1741   \n",
       "Real Estate            -0.0139 -0.0011  -0.0427  -0.0108  0.2294  0.1577   \n",
       "Financials             -0.0010  0.0016   0.0543   0.1220  0.2422  0.1326   \n",
       "Utilities              -0.0037  0.0044  -0.0171   0.0221  0.1853  0.1490   \n",
       "Health Care             0.0022  0.0263   0.0657   0.0804  0.1300  0.0880   \n",
       "Consumer Discretionary -0.0052 -0.0129  -0.0216   0.0130  0.2004  0.1761   \n",
       "Information Technology -0.0048  0.0012   0.0695   0.0967  0.3953  0.3510   \n",
       "\n",
       "                        3 Year  5 Year  10 Year       STD  \n",
       "Energy                 -0.1561 -0.3107   0.0188  0.120474  \n",
       "Communication Services  0.1129  0.0934   0.6572  0.207989  \n",
       "Consumer Staples        0.2162  0.2669   1.2664  0.401642  \n",
       "Materials               0.2281  0.1826   0.8905  0.279048  \n",
       "Industrials             0.2931  0.4048   1.8539  0.582334  \n",
       "Real Estate             0.3029     NaN      NaN  0.139162  \n",
       "Financials              0.3382  0.5171   1.5065  0.474635  \n",
       "Utilities               0.3619  0.3818   1.1586  0.373797  \n",
       "Health Care             0.4073  0.4392   2.2165  0.705424  \n",
       "Consumer Discretionary  0.4566  0.6935   3.1567  1.019611  \n",
       "Information Technology  0.9069  1.2052   3.3228  1.068767  "
      ]
     },
     "execution_count": 7,
     "metadata": {},
     "output_type": "execute_result"
    }
   ],
   "source": [
    "df.sort_values(by='3 Year')"
   ]
  },
  {
   "cell_type": "code",
   "execution_count": 8,
   "metadata": {},
   "outputs": [
    {
     "data": {
      "text/html": [
       "<div>\n",
       "<style scoped>\n",
       "    .dataframe tbody tr th:only-of-type {\n",
       "        vertical-align: middle;\n",
       "    }\n",
       "\n",
       "    .dataframe tbody tr th {\n",
       "        vertical-align: top;\n",
       "    }\n",
       "\n",
       "    .dataframe thead th {\n",
       "        text-align: right;\n",
       "    }\n",
       "</style>\n",
       "<table border=\"1\" class=\"dataframe\">\n",
       "  <thead>\n",
       "    <tr style=\"text-align: right;\">\n",
       "      <th></th>\n",
       "      <th>1 Day</th>\n",
       "      <th>5 Day</th>\n",
       "      <th>1 Month</th>\n",
       "      <th>3 Month</th>\n",
       "      <th>YTD</th>\n",
       "      <th>1 Year</th>\n",
       "      <th>3 Year</th>\n",
       "      <th>5 Year</th>\n",
       "      <th>10 Year</th>\n",
       "      <th>STD</th>\n",
       "    </tr>\n",
       "  </thead>\n",
       "  <tbody>\n",
       "    <tr>\n",
       "      <th>Energy</th>\n",
       "      <td>0.0163</td>\n",
       "      <td>0.0050</td>\n",
       "      <td>0.0452</td>\n",
       "      <td>0.0373</td>\n",
       "      <td>0.0368</td>\n",
       "      <td>-0.0807</td>\n",
       "      <td>-0.1561</td>\n",
       "      <td>-0.3107</td>\n",
       "      <td>0.0188</td>\n",
       "      <td>0.120474</td>\n",
       "    </tr>\n",
       "    <tr>\n",
       "      <th>Communication Services</th>\n",
       "      <td>0.0025</td>\n",
       "      <td>0.0018</td>\n",
       "      <td>0.0364</td>\n",
       "      <td>0.0709</td>\n",
       "      <td>0.2732</td>\n",
       "      <td>0.2414</td>\n",
       "      <td>0.1129</td>\n",
       "      <td>0.0934</td>\n",
       "      <td>0.6572</td>\n",
       "      <td>0.207989</td>\n",
       "    </tr>\n",
       "    <tr>\n",
       "      <th>Materials</th>\n",
       "      <td>-0.0012</td>\n",
       "      <td>-0.0191</td>\n",
       "      <td>0.0298</td>\n",
       "      <td>0.0528</td>\n",
       "      <td>0.1729</td>\n",
       "      <td>0.1119</td>\n",
       "      <td>0.2281</td>\n",
       "      <td>0.1826</td>\n",
       "      <td>0.8905</td>\n",
       "      <td>0.279048</td>\n",
       "    </tr>\n",
       "    <tr>\n",
       "      <th>Consumer Staples</th>\n",
       "      <td>-0.0053</td>\n",
       "      <td>0.0003</td>\n",
       "      <td>0.0087</td>\n",
       "      <td>0.0195</td>\n",
       "      <td>0.2050</td>\n",
       "      <td>0.1165</td>\n",
       "      <td>0.2162</td>\n",
       "      <td>0.2669</td>\n",
       "      <td>1.2664</td>\n",
       "      <td>0.401642</td>\n",
       "    </tr>\n",
       "    <tr>\n",
       "      <th>Utilities</th>\n",
       "      <td>-0.0037</td>\n",
       "      <td>0.0044</td>\n",
       "      <td>-0.0171</td>\n",
       "      <td>0.0221</td>\n",
       "      <td>0.1853</td>\n",
       "      <td>0.1490</td>\n",
       "      <td>0.3619</td>\n",
       "      <td>0.3818</td>\n",
       "      <td>1.1586</td>\n",
       "      <td>0.373797</td>\n",
       "    </tr>\n",
       "    <tr>\n",
       "      <th>Industrials</th>\n",
       "      <td>-0.0016</td>\n",
       "      <td>-0.0067</td>\n",
       "      <td>0.0534</td>\n",
       "      <td>0.0909</td>\n",
       "      <td>0.2598</td>\n",
       "      <td>0.1741</td>\n",
       "      <td>0.2931</td>\n",
       "      <td>0.4048</td>\n",
       "      <td>1.8539</td>\n",
       "      <td>0.582334</td>\n",
       "    </tr>\n",
       "    <tr>\n",
       "      <th>Health Care</th>\n",
       "      <td>0.0022</td>\n",
       "      <td>0.0263</td>\n",
       "      <td>0.0657</td>\n",
       "      <td>0.0804</td>\n",
       "      <td>0.1300</td>\n",
       "      <td>0.0880</td>\n",
       "      <td>0.4073</td>\n",
       "      <td>0.4392</td>\n",
       "      <td>2.2165</td>\n",
       "      <td>0.705424</td>\n",
       "    </tr>\n",
       "    <tr>\n",
       "      <th>Financials</th>\n",
       "      <td>-0.0010</td>\n",
       "      <td>0.0016</td>\n",
       "      <td>0.0543</td>\n",
       "      <td>0.1220</td>\n",
       "      <td>0.2422</td>\n",
       "      <td>0.1326</td>\n",
       "      <td>0.3382</td>\n",
       "      <td>0.5171</td>\n",
       "      <td>1.5065</td>\n",
       "      <td>0.474635</td>\n",
       "    </tr>\n",
       "    <tr>\n",
       "      <th>Consumer Discretionary</th>\n",
       "      <td>-0.0052</td>\n",
       "      <td>-0.0129</td>\n",
       "      <td>-0.0216</td>\n",
       "      <td>0.0130</td>\n",
       "      <td>0.2004</td>\n",
       "      <td>0.1761</td>\n",
       "      <td>0.4566</td>\n",
       "      <td>0.6935</td>\n",
       "      <td>3.1567</td>\n",
       "      <td>1.019611</td>\n",
       "    </tr>\n",
       "    <tr>\n",
       "      <th>Information Technology</th>\n",
       "      <td>-0.0048</td>\n",
       "      <td>0.0012</td>\n",
       "      <td>0.0695</td>\n",
       "      <td>0.0967</td>\n",
       "      <td>0.3953</td>\n",
       "      <td>0.3510</td>\n",
       "      <td>0.9069</td>\n",
       "      <td>1.2052</td>\n",
       "      <td>3.3228</td>\n",
       "      <td>1.068767</td>\n",
       "    </tr>\n",
       "    <tr>\n",
       "      <th>Real Estate</th>\n",
       "      <td>-0.0139</td>\n",
       "      <td>-0.0011</td>\n",
       "      <td>-0.0427</td>\n",
       "      <td>-0.0108</td>\n",
       "      <td>0.2294</td>\n",
       "      <td>0.1577</td>\n",
       "      <td>0.3029</td>\n",
       "      <td>NaN</td>\n",
       "      <td>NaN</td>\n",
       "      <td>0.139162</td>\n",
       "    </tr>\n",
       "  </tbody>\n",
       "</table>\n",
       "</div>"
      ],
      "text/plain": [
       "                         1 Day   5 Day  1 Month  3 Month     YTD  1 Year  \\\n",
       "Energy                  0.0163  0.0050   0.0452   0.0373  0.0368 -0.0807   \n",
       "Communication Services  0.0025  0.0018   0.0364   0.0709  0.2732  0.2414   \n",
       "Materials              -0.0012 -0.0191   0.0298   0.0528  0.1729  0.1119   \n",
       "Consumer Staples       -0.0053  0.0003   0.0087   0.0195  0.2050  0.1165   \n",
       "Utilities              -0.0037  0.0044  -0.0171   0.0221  0.1853  0.1490   \n",
       "Industrials            -0.0016 -0.0067   0.0534   0.0909  0.2598  0.1741   \n",
       "Health Care             0.0022  0.0263   0.0657   0.0804  0.1300  0.0880   \n",
       "Financials             -0.0010  0.0016   0.0543   0.1220  0.2422  0.1326   \n",
       "Consumer Discretionary -0.0052 -0.0129  -0.0216   0.0130  0.2004  0.1761   \n",
       "Information Technology -0.0048  0.0012   0.0695   0.0967  0.3953  0.3510   \n",
       "Real Estate            -0.0139 -0.0011  -0.0427  -0.0108  0.2294  0.1577   \n",
       "\n",
       "                        3 Year  5 Year  10 Year       STD  \n",
       "Energy                 -0.1561 -0.3107   0.0188  0.120474  \n",
       "Communication Services  0.1129  0.0934   0.6572  0.207989  \n",
       "Materials               0.2281  0.1826   0.8905  0.279048  \n",
       "Consumer Staples        0.2162  0.2669   1.2664  0.401642  \n",
       "Utilities               0.3619  0.3818   1.1586  0.373797  \n",
       "Industrials             0.2931  0.4048   1.8539  0.582334  \n",
       "Health Care             0.4073  0.4392   2.2165  0.705424  \n",
       "Financials              0.3382  0.5171   1.5065  0.474635  \n",
       "Consumer Discretionary  0.4566  0.6935   3.1567  1.019611  \n",
       "Information Technology  0.9069  1.2052   3.3228  1.068767  \n",
       "Real Estate             0.3029     NaN      NaN  0.139162  "
      ]
     },
     "execution_count": 8,
     "metadata": {},
     "output_type": "execute_result"
    }
   ],
   "source": [
    "df.sort_values(by='5 Year')"
   ]
  },
  {
   "cell_type": "code",
   "execution_count": 9,
   "metadata": {},
   "outputs": [
    {
     "data": {
      "text/html": [
       "<div>\n",
       "<style scoped>\n",
       "    .dataframe tbody tr th:only-of-type {\n",
       "        vertical-align: middle;\n",
       "    }\n",
       "\n",
       "    .dataframe tbody tr th {\n",
       "        vertical-align: top;\n",
       "    }\n",
       "\n",
       "    .dataframe thead th {\n",
       "        text-align: right;\n",
       "    }\n",
       "</style>\n",
       "<table border=\"1\" class=\"dataframe\">\n",
       "  <thead>\n",
       "    <tr style=\"text-align: right;\">\n",
       "      <th></th>\n",
       "      <th>1 Day</th>\n",
       "      <th>5 Day</th>\n",
       "      <th>1 Month</th>\n",
       "      <th>3 Month</th>\n",
       "      <th>YTD</th>\n",
       "      <th>1 Year</th>\n",
       "      <th>3 Year</th>\n",
       "      <th>5 Year</th>\n",
       "      <th>10 Year</th>\n",
       "      <th>STD</th>\n",
       "    </tr>\n",
       "  </thead>\n",
       "  <tbody>\n",
       "    <tr>\n",
       "      <th>Energy</th>\n",
       "      <td>0.0163</td>\n",
       "      <td>0.0050</td>\n",
       "      <td>0.0452</td>\n",
       "      <td>0.0373</td>\n",
       "      <td>0.0368</td>\n",
       "      <td>-0.0807</td>\n",
       "      <td>-0.1561</td>\n",
       "      <td>-0.3107</td>\n",
       "      <td>0.0188</td>\n",
       "      <td>0.120474</td>\n",
       "    </tr>\n",
       "    <tr>\n",
       "      <th>Communication Services</th>\n",
       "      <td>0.0025</td>\n",
       "      <td>0.0018</td>\n",
       "      <td>0.0364</td>\n",
       "      <td>0.0709</td>\n",
       "      <td>0.2732</td>\n",
       "      <td>0.2414</td>\n",
       "      <td>0.1129</td>\n",
       "      <td>0.0934</td>\n",
       "      <td>0.6572</td>\n",
       "      <td>0.207989</td>\n",
       "    </tr>\n",
       "    <tr>\n",
       "      <th>Materials</th>\n",
       "      <td>-0.0012</td>\n",
       "      <td>-0.0191</td>\n",
       "      <td>0.0298</td>\n",
       "      <td>0.0528</td>\n",
       "      <td>0.1729</td>\n",
       "      <td>0.1119</td>\n",
       "      <td>0.2281</td>\n",
       "      <td>0.1826</td>\n",
       "      <td>0.8905</td>\n",
       "      <td>0.279048</td>\n",
       "    </tr>\n",
       "    <tr>\n",
       "      <th>Utilities</th>\n",
       "      <td>-0.0037</td>\n",
       "      <td>0.0044</td>\n",
       "      <td>-0.0171</td>\n",
       "      <td>0.0221</td>\n",
       "      <td>0.1853</td>\n",
       "      <td>0.1490</td>\n",
       "      <td>0.3619</td>\n",
       "      <td>0.3818</td>\n",
       "      <td>1.1586</td>\n",
       "      <td>0.373797</td>\n",
       "    </tr>\n",
       "    <tr>\n",
       "      <th>Consumer Staples</th>\n",
       "      <td>-0.0053</td>\n",
       "      <td>0.0003</td>\n",
       "      <td>0.0087</td>\n",
       "      <td>0.0195</td>\n",
       "      <td>0.2050</td>\n",
       "      <td>0.1165</td>\n",
       "      <td>0.2162</td>\n",
       "      <td>0.2669</td>\n",
       "      <td>1.2664</td>\n",
       "      <td>0.401642</td>\n",
       "    </tr>\n",
       "    <tr>\n",
       "      <th>Financials</th>\n",
       "      <td>-0.0010</td>\n",
       "      <td>0.0016</td>\n",
       "      <td>0.0543</td>\n",
       "      <td>0.1220</td>\n",
       "      <td>0.2422</td>\n",
       "      <td>0.1326</td>\n",
       "      <td>0.3382</td>\n",
       "      <td>0.5171</td>\n",
       "      <td>1.5065</td>\n",
       "      <td>0.474635</td>\n",
       "    </tr>\n",
       "    <tr>\n",
       "      <th>Industrials</th>\n",
       "      <td>-0.0016</td>\n",
       "      <td>-0.0067</td>\n",
       "      <td>0.0534</td>\n",
       "      <td>0.0909</td>\n",
       "      <td>0.2598</td>\n",
       "      <td>0.1741</td>\n",
       "      <td>0.2931</td>\n",
       "      <td>0.4048</td>\n",
       "      <td>1.8539</td>\n",
       "      <td>0.582334</td>\n",
       "    </tr>\n",
       "    <tr>\n",
       "      <th>Health Care</th>\n",
       "      <td>0.0022</td>\n",
       "      <td>0.0263</td>\n",
       "      <td>0.0657</td>\n",
       "      <td>0.0804</td>\n",
       "      <td>0.1300</td>\n",
       "      <td>0.0880</td>\n",
       "      <td>0.4073</td>\n",
       "      <td>0.4392</td>\n",
       "      <td>2.2165</td>\n",
       "      <td>0.705424</td>\n",
       "    </tr>\n",
       "    <tr>\n",
       "      <th>Consumer Discretionary</th>\n",
       "      <td>-0.0052</td>\n",
       "      <td>-0.0129</td>\n",
       "      <td>-0.0216</td>\n",
       "      <td>0.0130</td>\n",
       "      <td>0.2004</td>\n",
       "      <td>0.1761</td>\n",
       "      <td>0.4566</td>\n",
       "      <td>0.6935</td>\n",
       "      <td>3.1567</td>\n",
       "      <td>1.019611</td>\n",
       "    </tr>\n",
       "    <tr>\n",
       "      <th>Information Technology</th>\n",
       "      <td>-0.0048</td>\n",
       "      <td>0.0012</td>\n",
       "      <td>0.0695</td>\n",
       "      <td>0.0967</td>\n",
       "      <td>0.3953</td>\n",
       "      <td>0.3510</td>\n",
       "      <td>0.9069</td>\n",
       "      <td>1.2052</td>\n",
       "      <td>3.3228</td>\n",
       "      <td>1.068767</td>\n",
       "    </tr>\n",
       "    <tr>\n",
       "      <th>Real Estate</th>\n",
       "      <td>-0.0139</td>\n",
       "      <td>-0.0011</td>\n",
       "      <td>-0.0427</td>\n",
       "      <td>-0.0108</td>\n",
       "      <td>0.2294</td>\n",
       "      <td>0.1577</td>\n",
       "      <td>0.3029</td>\n",
       "      <td>NaN</td>\n",
       "      <td>NaN</td>\n",
       "      <td>0.139162</td>\n",
       "    </tr>\n",
       "  </tbody>\n",
       "</table>\n",
       "</div>"
      ],
      "text/plain": [
       "                         1 Day   5 Day  1 Month  3 Month     YTD  1 Year  \\\n",
       "Energy                  0.0163  0.0050   0.0452   0.0373  0.0368 -0.0807   \n",
       "Communication Services  0.0025  0.0018   0.0364   0.0709  0.2732  0.2414   \n",
       "Materials              -0.0012 -0.0191   0.0298   0.0528  0.1729  0.1119   \n",
       "Utilities              -0.0037  0.0044  -0.0171   0.0221  0.1853  0.1490   \n",
       "Consumer Staples       -0.0053  0.0003   0.0087   0.0195  0.2050  0.1165   \n",
       "Financials             -0.0010  0.0016   0.0543   0.1220  0.2422  0.1326   \n",
       "Industrials            -0.0016 -0.0067   0.0534   0.0909  0.2598  0.1741   \n",
       "Health Care             0.0022  0.0263   0.0657   0.0804  0.1300  0.0880   \n",
       "Consumer Discretionary -0.0052 -0.0129  -0.0216   0.0130  0.2004  0.1761   \n",
       "Information Technology -0.0048  0.0012   0.0695   0.0967  0.3953  0.3510   \n",
       "Real Estate            -0.0139 -0.0011  -0.0427  -0.0108  0.2294  0.1577   \n",
       "\n",
       "                        3 Year  5 Year  10 Year       STD  \n",
       "Energy                 -0.1561 -0.3107   0.0188  0.120474  \n",
       "Communication Services  0.1129  0.0934   0.6572  0.207989  \n",
       "Materials               0.2281  0.1826   0.8905  0.279048  \n",
       "Utilities               0.3619  0.3818   1.1586  0.373797  \n",
       "Consumer Staples        0.2162  0.2669   1.2664  0.401642  \n",
       "Financials              0.3382  0.5171   1.5065  0.474635  \n",
       "Industrials             0.2931  0.4048   1.8539  0.582334  \n",
       "Health Care             0.4073  0.4392   2.2165  0.705424  \n",
       "Consumer Discretionary  0.4566  0.6935   3.1567  1.019611  \n",
       "Information Technology  0.9069  1.2052   3.3228  1.068767  \n",
       "Real Estate             0.3029     NaN      NaN  0.139162  "
      ]
     },
     "execution_count": 9,
     "metadata": {},
     "output_type": "execute_result"
    }
   ],
   "source": [
    "df.sort_values(by='10 Year')"
   ]
  },
  {
   "cell_type": "code",
   "execution_count": 11,
   "metadata": {},
   "outputs": [
    {
     "data": {
