{
 "cells": [
  {
   "cell_type": "code",
   "execution_count": 4,
   "metadata": {},
   "outputs": [
    {
     "data": {
      "text/html": [
       "<div>\n",
       "<style scoped>\n",
       "    .dataframe tbody tr th:only-of-type {\n",
       "        vertical-align: middle;\n",
       "    }\n",
       "\n",
       "    .dataframe tbody tr th {\n",
       "        vertical-align: top;\n",
       "    }\n",
       "\n",
       "    .dataframe thead th {\n",
       "        text-align: right;\n",
       "    }\n",
       "</style>\n",
       "<table border=\"1\" class=\"dataframe\">\n",
       "  <thead>\n",
       "    <tr style=\"text-align: right;\">\n",
       "      <th></th>\n",
       "      <th>BBDC4.SA</th>\n",
       "      <th>BBDC3.SA</th>\n",
       "      <th>ITUB4.SA</th>\n",
       "      <th>ITUB3.SA</th>\n",
       "      <th>BBAS3.SA</th>\n",
       "      <th>SANB3.SA</th>\n",
       "      <th>SANB11.SA</th>\n",
       "      <th>SANB4.SA</th>\n",
       "      <th>ITSA3.SA</th>\n",
       "      <th>ITSA4.SA</th>\n",
       "    </tr>\n",
       "  </thead>\n",
       "  <tbody>\n",
       "    <tr>\n",
       "      <th>BBDC4.SA</th>\n",
       "      <td>1.000000</td>\n",
       "      <td>0.939612</td>\n",
       "      <td>0.893630</td>\n",
       "      <td>0.846484</td>\n",
       "      <td>0.790773</td>\n",
       "      <td>0.623918</td>\n",
       "      <td>0.813809</td>\n",
       "      <td>0.639930</td>\n",
       "      <td>0.658435</td>\n",
       "      <td>0.857340</td>\n",
       "    </tr>\n",
       "    <tr>\n",
       "      <th>BBDC3.SA</th>\n",
       "      <td>0.939612</td>\n",
       "      <td>1.000000</td>\n",
       "      <td>0.865812</td>\n",
       "      <td>0.841270</td>\n",
       "      <td>0.746227</td>\n",
       "      <td>0.605906</td>\n",
       "      <td>0.844249</td>\n",
       "      <td>0.632807</td>\n",
       "      <td>0.652400</td>\n",
       "      <td>0.838301</td>\n",
       "    </tr>\n",
       "    <tr>\n",
       "      <th>ITUB4.SA</th>\n",
       "      <td>0.893630</td>\n",
       "      <td>0.865812</td>\n",
       "      <td>1.000000</td>\n",
       "      <td>0.893223</td>\n",
       "      <td>0.756527</td>\n",
       "      <td>0.628060</td>\n",
       "      <td>0.801234</td>\n",
       "      <td>0.646187</td>\n",
       "      <td>0.714618</td>\n",
       "      <td>0.929748</td>\n",
       "    </tr>\n",
       "    <tr>\n",
       "      <th>ITUB3.SA</th>\n",
       "      <td>0.846484</td>\n",
       "      <td>0.841270</td>\n",
       "      <td>0.893223</td>\n",
       "      <td>1.000000</td>\n",
       "      <td>0.714589</td>\n",
       "      <td>0.575577</td>\n",
       "      <td>0.725110</td>\n",
       "      <td>0.612656</td>\n",
       "      <td>0.652900</td>\n",
       "      <td>0.853135</td>\n",
       "    </tr>\n",
       "    <tr>\n",
       "      <th>BBAS3.SA</th>\n",
       "      <td>0.790773</td>\n",
       "      <td>0.746227</td>\n",
       "      <td>0.756527</td>\n",
       "      <td>0.714589</td>\n",
       "      <td>1.000000</td>\n",
       "      <td>0.595812</td>\n",
       "      <td>0.638864</td>\n",
       "      <td>0.597147</td>\n",
       "      <td>0.570715</td>\n",
       "      <td>0.722969</td>\n",
       "    </tr>\n",
       "    <tr>\n",
       "      <th>SANB3.SA</th>\n",
       "      <td>0.623918</td>\n",
       "      <td>0.605906</td>\n",
       "      <td>0.628060</td>\n",
       "      <td>0.575577</td>\n",
       "      <td>0.595812</td>\n",
       "      <td>1.000000</td>\n",
       "      <td>0.761944</td>\n",
       "      <td>0.599880</td>\n",
       "      <td>0.480501</td>\n",
       "      <td>0.605066</td>\n",
       "    </tr>\n",
       "    <tr>\n",
       "      <th>SANB11.SA</th>\n",
       "      <td>0.813809</td>\n",
       "      <td>0.844249</td>\n",
       "      <td>0.801234</td>\n",
       "      <td>0.725110</td>\n",
       "      <td>0.638864</td>\n",
       "      <td>0.761944</td>\n",
       "      <td>1.000000</td>\n",
       "      <td>0.679506</td>\n",
       "      <td>0.437550</td>\n",
       "      <td>0.745124</td>\n",
       "    </tr>\n",
       "    <tr>\n",
       "      <th>SANB4.SA</th>\n",
       "      <td>0.639930</td>\n",
       "      <td>0.632807</td>\n",
       "      <td>0.646187</td>\n",
       "      <td>0.612656</td>\n",
       "      <td>0.597147</td>\n",
       "      <td>0.599880</td>\n",
       "      <td>0.679506</td>\n",
       "      <td>1.000000</td>\n",
       "      <td>0.568412</td>\n",
       "      <td>0.636991</td>\n",
       "    </tr>\n",
       "    <tr>\n",
       "      <th>ITSA3.SA</th>\n",
       "      <td>0.658435</td>\n",
       "      <td>0.652400</td>\n",
       "      <td>0.714618</td>\n",
       "      <td>0.652900</td>\n",
       "      <td>0.570715</td>\n",
       "      <td>0.480501</td>\n",
       "      <td>0.437550</td>\n",
       "      <td>0.568412</td>\n",
       "      <td>1.000000</td>\n",
       "      <td>0.733882</td>\n",
       "    </tr>\n",
       "    <tr>\n",
       "      <th>ITSA4.SA</th>\n",
       "      <td>0.857340</td>\n",
       "      <td>0.838301</td>\n",
       "      <td>0.929748</td>\n",
       "      <td>0.853135</td>\n",
       "      <td>0.722969</td>\n",
       "      <td>0.605066</td>\n",
       "      <td>0.745124</td>\n",
       "      <td>0.636991</td>\n",
       "      <td>0.733882</td>\n",
       "      <td>1.000000</td>\n",
       "    </tr>\n",
       "  </tbody>\n",
       "</table>\n",
       "</div>"
      ],
      "text/plain": [
       "           BBDC4.SA  BBDC3.SA  ITUB4.SA  ITUB3.SA  BBAS3.SA  SANB3.SA  \\\n",
       "BBDC4.SA   1.000000  0.939612  0.893630  0.846484  0.790773  0.623918   \n",
       "BBDC3.SA   0.939612  1.000000  0.865812  0.841270  0.746227  0.605906   \n",
       "ITUB4.SA   0.893630  0.865812  1.000000  0.893223  0.756527  0.628060   \n",
       "ITUB3.SA   0.846484  0.841270  0.893223  1.000000  0.714589  0.575577   \n",
       "BBAS3.SA   0.790773  0.746227  0.756527  0.714589  1.000000  0.595812   \n",
       "SANB3.SA   0.623918  0.605906  0.628060  0.575577  0.595812  1.000000   \n",
       "SANB11.SA  0.813809  0.844249  0.801234  0.725110  0.638864  0.761944   \n",
       "SANB4.SA   0.639930  0.632807  0.646187  0.612656  0.597147  0.599880   \n",
       "ITSA3.SA   0.658435  0.652400  0.714618  0.652900  0.570715  0.480501   \n",
       "ITSA4.SA   0.857340  0.838301  0.929748  0.853135  0.722969  0.605066   \n",
       "\n",
       "           SANB11.SA  SANB4.SA  ITSA3.SA  ITSA4.SA  \n",
       "BBDC4.SA    0.813809  0.639930  0.658435  0.857340  \n",
       "BBDC3.SA    0.844249  0.632807  0.652400  0.838301  \n",
       "ITUB4.SA    0.801234  0.646187  0.714618  0.929748  \n",
       "ITUB3.SA    0.725110  0.612656  0.652900  0.853135  \n",
       "BBAS3.SA    0.638864  0.597147  0.570715  0.722969  \n",
       "SANB3.SA    0.761944  0.599880  0.480501  0.605066  \n",
       "SANB11.SA   1.000000  0.679506  0.437550  0.745124  \n",
       "SANB4.SA    0.679506  1.000000  0.568412  0.636991  \n",
       "ITSA3.SA    0.437550  0.568412  1.000000  0.733882  \n",
       "ITSA4.SA    0.745124  0.636991  0.733882  1.000000  "
      ]
     },
     "execution_count": 4,
     "metadata": {},
     "output_type": "execute_result"
    }
   ],
   "source": [
    "import pandas as pd\n",
    "import numpy as np\n",
    "import matplotlib.pyplot as plt\n",
    "import pandas_datareader.data as web\n",
    "import datetime\n",
    "\n",
    "%matplotlib inline\n",
    "\n",
    "datasource = 'yahoo'\n",
    "\n",
    "last_year = datetime.datetime.now().year - 1\n",
    "start = datetime.datetime.now().replace(year=last_year)\n",
    "end = datetime.datetime.now()\n",
    "\n",
    "bancos = ['BBDC4.SA', 'BBDC3.SA', 'ITUB4.SA', 'ITUB3.SA', 'BBAS3.SA', 'SANB3.SA', 'SANB11.SA', 'SANB4.SA', 'ITSA3.SA', 'ITSA4.SA']\n",
    "\n",
    "prices = pd.DataFrame()\n",
    "for b in bancos:\n",
    "    prices[b] = web.DataReader(b, datasource, start, end)['Adj Close']\n",
    "\n",
    "log_returns = np.log(prices/prices.shift(1))\n",
    "\n",
    "log_returns.corr()"
   ]
  }
 ],
 "metadata": {
  "kernelspec": {
   "display_name": "Python 3",
   "language": "python",
   "name": "python3"
  },
  "language_info": {
   "codemirror_mode": {
    "name": "ipython",
    "version": 3
   },
   "file_extension": ".py",
   "mimetype": "text/x-python",
   "name": "python",
   "nbconvert_exporter": "python",
   "pygments_lexer": "ipython3",
   "version": "3.7.3"
  }
 },
 "nbformat": 4,
 "nbformat_minor": 2
}
